58765847475653068463484564578656546786578602547638245672457643
58765F47475653068463484564578656546786578602547638245672457643
58765847475653068463484564578656546786578602547638245672457643
58765847475653068463484564578656546786578602547638245672457643
58765847475653068463484564578656546786578602547638245672457643
58765847475653068463484564578656546786578602547638245672457643
58765847475653068463484564578656546786578602547638245672457643
58765847475653068463484564578656546786578602547638245672457643
58765847475653068463484564578656546786578602547638245672457643
58765847475653068463484564578656546786578602547638245672457643
58765847475653068463484564578656546786578602547638245672457643
58765847475653068463484564578656546786578602547638245672457643
58765847475653068463484564578656546786578602547638245672457643
58765847475653068463484564578656546786578602547638245672457643
58765847475653068463484564578656546786578602547638245672457643
58765847475653068463484564578656546786578602547638245672457643
58765847475653068463484564578656546786578602547638245672457643
58765847475653068463484564578656546786578602547638245672457643
58765847475653068463484564578656546786578602547638245672457643
58765847475653068463484564578656546786578602547638245672457643
58765847475653068463484564578656546786578602547638245672457643
58765847475653068463484564578656546786578602547638245672457643
58765847475653068463484564578656546786578602547638245672457643
58765847475653068463484564578656546786578602547638245672457643
58765847475653068463484564578656546786578602547638245672457643
58765847475653068463484564578656546786578602547638245672457643
58765847475653068463484564578656546786578602547638245672457643
58765847475653068463484564578656546786578602547638245672457643
58765847475653068463484564578656546786578602547638245672457643
58765847475653068463484564578656546786578602547638245672457643
58765847475653068463484564578656546786578602547638245672457643
58765847475653068463484564578656546786578602547638245672457643
58765847475653068463484564578656546786578602547638245672457643
58765847475653068463484564578656546786578602547638245672457643
58765847475653068463484564578656546786578602547638245672457643
58765847475653068463484564578656546786578602547638245672457643
58765847475653068463484564578656546786578602547638245672457643
58765847475653068463484564578656546786578602547638g245672457643
58765847475653068463484564578656546786578602547638245672457643
58765847475653068463484564578656546786578602547638245672457643
58765847475653068463484564578656546786578602547638245672457643
