134253256476876876585637476452546286045660564067564316763757645616546
134253256476876876585637476452546286045660564067564316763757645616546
134253256476876876585637476452546286045660564067564316763757645616546
134253256476876876585637476452546286045660564067564316763757645616546
134253256476876876585637476452546286045660564067564316763757645616546
134253256476876876585637476452546286045660564067564316763757645616546
134253256476876876585637476452546286045660564067564316763757645616546
134253256476876876585637476452546286045660564067564316763757645616546
134253256476876876585637476452546286045660564067564316763757645616546
134253256476876876585637476452546286045660564067564316763757645616546
134253256476876876585637476452546286045660564067564316763757645616546
134253256476876876585637476452546286045660564067564316763757645616546
134253256476876876585637476452546286045660564067564316763757645616546
134253256476876876585637476452546286045660564067564316763757645616546
134253256476876876585637476452546286045660564067564316763757645616546
134253256476876876585637476452546286045660564067564316763757645616546
134253256476876876585637476452546286045660564067564316763757645616546
134253256476876876585637476452546286045660564067564316763757645616546
134253256476876876585637476452546286045660564067564316763757645616546
134253256476876876585637476452546286045660564067564316763757645616546
134253256476876876585637476452546286045660564067564316763757645616546
134253256476876876585637476452546286045660564067564316763757645616546
134253256476876876585637476452546286045660564067564316763757645616546
134253256476876876585637476452546286045660564067564316763757645616546
134253256476876876585637476452546286045660564067564316763757645616546
134253256476876876585637476452546286045660564067564316763757645616546
1342532564768768765856374D7645254628604566056406756431676375764561654
134253256476876876585637476452546286045660564067564316763757645616546
134253256476876876585637476452546286045660564067564316763757645616546
134253256476876876585637476452546286045660564067564316763757645616546
134253256476876876585637476452546286045660564067564316763757645616546
134253256476876876585637476452546286045660564067564316763757645616546
134253256476876876585637476452546286045660564067564316763757645616546
